100	3000
74	21	-40
58	23	83
60	69	97
25	43	50
62	21	58
18	97	10
13	79	33
16	20	84
2	22	36
87	91	69
70	39	72
89	39	14
9	12	-44
91	14	17
54	76	11
7	98	-45
23	92	-31
29	14	-21
62	84	55
54	58	79
100	46	-37
39	38	64
54	58	-6
96	32	16
40	79	-15
1	66	32
95	37	79
53	26	83
10	94	-26
88	45	-1
52	56	66
97	32	-40
60	32	92
55	32	100
42	92	-42
94	41	89
60	19	-37
4	71	99
26	25	47
82	85	7
99	3	25
20	31	21
81	98	-2
11	67	12
29	92	2
92	35	-5
39	26	49
58	95	-43
87	98	-6
34	8	28
43	75	92
77	26	79
1	22	18
89	82	-43
79	95	68
10	14	64
18	95	8
11	35	15
55	21	42
13	71	-24
86	99	9
62	35	-1
46	30	89
59	43	55
89	35	16
33	39	-3
33	78	77
28	3	8
72	12	-28
42	30	79
89	65	98
13	45	-38
90	80	89
13	39	-33
54	64	-34
86	22	57
5	32	95
99	32	62
70	21	-14
76	8	13
87	17	27
23	69	48
71	66	29
57	19	-47
57	65	7
31	83	38
74	55	-16
7	91	31
90	62	-19
27	83	78
74	22	-5
9	97	34
39	56	6
67	5	82
11	19	-6
16	73	-18
100	78	-38
64	19	23
60	41	14
16	48	16
86	69	-10
78	1	-6
87	70	37
18	32	-42
46	24	85
96	56	30
96	44	4
99	26	17
62	55	62
56	44	43
58	65	96
50	19	-39
20	25	-47
73	95	84
93	78	2
53	25	61
54	68	29
9	39	81
65	69	-48
62	70	43
81	61	-40
24	22	21
62	37	-28
6	70	36
85	38	-30
2	28	99
86	47	79
40	5	32
3	38	96
93	64	32
2	36	-3
42	81	-50
4	100	6
90	95	-22
33	93	98
58	49	-47
77	29	-24
86	15	-6
52	39	51
48	95	-18
70	76	97
54	96	82
87	22	4
78	47	-6
99	85	99
51	84	-5
29	32	66
13	27	17
13	40	95
74	73	84
17	69	15
9	79	-2
49	85	-24
4	18	15
43	85	11
46	57	4
4	92	96
49	5	95
19	61	34
94	38	43
54	38	92
60	96	38
84	78	97
20	22	-21
57	49	49
95	83	13
92	21	73
87	52	43
14	39	8
24	15	64
60	99	96
31	30	53
12	28	72
18	83	45
4	26	37
13	50	8
5	35	-3
62	92	-8
74	25	45
50	30	-48
13	74	26
7	10	95
30	80	3
2	56	10
51	24	54
84	26	0
15	43	50
40	61	-16
16	58	58
9	84	90
61	45	86
9	14	-13
76	80	90
9	76	56
14	32	43
59	8	-27
26	88	66
48	83	-15
99	94	98
36	28	54
42	40	-12
40	41	53
74	63	90
4	24	17
23	56	-20
53	40	-21
35	32	91
3	45	-13
16	76	95
77	6	96
30	49	-43
68	82	80
33	10	-11
18	31	-28
17	97	29
77	11	-18
7	36	29
20	88	-39
53	66	100
60	75	43
56	41	-6
52	3	51
50	94	92
33	58	61
100	12	43
55	97	62
67	21	-40
4	75	40
73	66	-38
62	47	-42
11	26	-15
49	75	24
79	98	26
61	30	-34
65	85	19
90	47	78
77	94	39
77	66	37
22	45	94
21	66	73
100	20	-20
47	38	72
68	20	-44
89	92	-20
60	70	-35
11	96	-9
36	66	0
77	71	-8
17	30	73
79	26	45
87	97	91
10	76	-49
24	92	-19
14	80	60
50	69	19
49	45	-30
87	27	-44
14	78	41
86	73	88
10	6	-37
50	43	54
78	61	46
63	49	-34
29	79	-34
78	98	-6
91	39	78
15	95	34
58	82	-20
7	8	-37
95	38	-40
4	22	-39
64	37	-13
8	83	-2
71	44	-30
16	20	65
7	5	-15
72	94	-19
99	27	26
60	98	31
100	90	-6
24	96	-47
12	82	8
42	94	-48
91	25	6
24	40	-45
96	63	64
58	5	19
61	45	27
77	3	27
87	100	6
17	69	-49
11	98	-23
39	37	100
89	95	7
9	41	66
25	83	78
14	34	-15
51	64	30
18	70	64
48	40	3
56	49	12
11	95	-15
72	71	89
7	97	-18
57	65	40
10	19	-40
68	44	93
9	94	37
18	6	0
79	98	94
84	66	7
89	96	47
18	19	33
98	21	17
13	90	88
52	50	-18
59	75	97
90	50	13
62	29	87
40	1	59
9	38	95
61	83	44
51	69	21
24	56	2
97	69	29
11	67	37
7	8	48
74	63	-1
55	21	90
100	99	26
60	70	77
77	68	58
41	75	30
39	3	51
24	84	73
100	74	86
15	19	-38
73	14	-22
13	64	-48
90	29	12
51	62	77
29	23	-30
18	94	95
32	38	78
51	76	55
60	6	-5
62	84	-11
100	92	-29
72	12	-23
63	45	-15
31	95	15
46	93	67
56	61	77
90	19	75
90	26	70
13	45	50
99	5	79
71	63	24
4	75	1
99	45	35
59	65	-41
56	41	47
46	71	30
28	61	29
95	47	20
57	97	97
15	75	-20
11	58	-47
53	10	60
76	25	40
20	63	-5
28	25	-19
79	37	-44
43	69	93
4	34	97
46	56	-28
4	37	-49
71	81	-2
13	35	65
76	1	53
89	58	34
75	80	22
79	15	-20
93	31	-44
18	81	-8
100	30	95
62	82	22
53	95	29
54	13	83
40	95	5
37	66	-29
2	93	12
57	80	48
46	78	91
100	41	83
60	29	-49
18	40	71
46	19	-26
48	62	22
87	40	89
59	43	64
91	15	-13
17	52	16
54	75	30
39	61	-6
14	83	40
90	97	91
87	59	-1
72	43	57
72	93	4
77	97	-6
77	42	29
72	74	52
43	32	87
14	75	-5
89	96	-35
25	85	77
14	84	90
55	37	-43
16	96	75
72	90	48
41	75	2
55	82	-20
8	47	95
13	37	75
87	13	-50
82	84	39
74	29	-40
79	45	92
11	45	66
51	65	-20
100	29	19
74	51	-31
84	37	-28
48	56	-11
13	14	46
77	42	-50
11	36	13
72	56	27
18	80	-31
60	70	25
96	85	84
41	61	97
71	98	59
81	1	-40
60	66	54
51	47	91
59	3	61
25	3	34
86	56	89
93	5	13
11	85	15
77	34	41
68	17	-40
97	83	54
55	71	81
90	99	68
75	83	-20
15	3	-11
7	76	61
77	57	-33
51	30	-38
53	45	-23
53	23	88
77	98	58
10	95	-49
16	88	82
91	44	78
2	67	0
74	64	34
87	19	23
100	73	-11
67	38	95
89	40	56
60	14	77
1	30	-24
40	66	16
46	10	18
7	63	18
19	5	-47
100	39	22
77	24	83
96	26	-20
54	58	0
84	37	78
99	88	61
63	47	98
8	35	19
87	93	32
10	88	42
17	36	10
59	61	28
96	41	-35
33	62	60
7	95	14
72	57	89
48	25	4
48	50	25
12	71	-22
48	92	-30
11	57	-37
40	85	-48
88	83	81
82	79	-50
90	91	29
15	92	8
37	1	-34
24	40	74
54	12	93
46	30	78
2	1	71
79	95	91
97	80	-31
14	32	-41
59	71	40
54	3	56
16	39	46
85	38	-6
87	75	87
64	31	66
13	96	3
6	82	-11
2	76	-49
17	32	68
44	35	22
46	43	27
100	47	22
57	21	62
66	85	6
36	44	-22
99	1	-27
11	42	26
9	31	9
67	30	94
7	2	83
15	8	53
87	45	41
48	29	73
53	39	44
30	32	0
79	5	9
31	30	-23
59	85	36
90	84	100
58	98	-17
86	69	-29
42	26	58
89	29	16
53	63	26
99	95	86
78	75	68
33	51	-18
34	30	79
73	23	17
93	28	-31
4	44	66
70	41	-39
91	78	34
46	92	65
78	30	40
18	23	-5
46	31	8
54	80	22
100	64	10
93	62	47
51	40	-30
2	17	9
18	38	-37
25	3	73
74	39	86
6	40	54
84	8	92
46	63	2
47	45	44
34	75	8
16	63	21
68	23	-27
42	55	100
52	41	20
62	76	12
95	3	63
37	98	41
44	88	71
13	58	72
9	29	-18
100	23	-37
81	35	-27
13	69	-50
77	40	44
100	49	-13
93	79	-14
53	70	48
4	100	35
16	21	27
28	83	40
53	94	42
8	38	-47
96	19	28
14	32	93
90	21	99
12	92	65
23	1	-21
28	47	48
33	66	-5
62	29	100
39	99	24
59	50	35
77	16	14
54	25	48
33	52	-33
17	16	-33
48	75	-48
10	40	43
55	69	-35
7	52	-16
55	39	23
67	92	55
52	84	10
2	84	-17
54	81	20
28	5	-42
81	30	91
54	78	2
34	41	44
11	91	75
31	66	57
72	82	-3
4	63	-21
54	14	99
71	65	-13
72	16	-35
48	89	-42
94	5	76
82	64	12
61	98	57
24	47	71
2	78	38
54	79	-7
18	54	29
74	80	35
14	98	30
82	66	78
64	85	92
72	16	88
65	67	-14
57	22	29
18	84	71
2	85	16
54	80	-22
14	84	-7
87	48	62
43	32	41
72	23	54
14	31	67
57	82	-49
4	15	24
58	84	2
52	38	97
4	51	-31
14	39	55
70	31	3
73	22	50
62	69	-10
58	71	53
6	55	90
96	61	88
75	21	70
16	66	3
33	61	94
12	61	73
60	45	85
82	41	37
17	65	27
82	32	-26
72	89	-32
36	78	41
53	36	-15
20	28	-30
84	8	56
39	83	4
42	96	62
54	98	62
67	32	-6
99	84	-27
65	80	-13
95	22	18
91	55	13
24	65	85
56	5	93
48	19	100
50	62	26
87	57	48
13	57	61
42	62	78
59	57	-50
68	57	-14
98	5	-10
100	99	76
73	1	18
68	91	-46
60	13	15
54	48	-36
20	28	13
19	22	-29
22	85	-10
70	45	44
34	88	99
75	80	7
54	11	-25
44	88	38
20	15	99
52	23	37
84	95	41
92	61	36
41	47	84
72	23	24
54	55	1
55	40	0
68	62	33
99	21	-42
4	58	-16
53	61	41
48	63	39
81	5	1
55	34	-36
42	30	19
62	19	3
15	98	3
36	95	-5
50	8	-9
76	5	-23
96	35	82
16	37	31
36	34	8
77	92	13
91	31	-31
69	49	32
72	65	91
17	88	-45
18	94	48
8	98	84
100	83	-5
86	58	7
89	91	24
93	97	18
29	44	79
84	44	-28
52	3	52
59	37	49
68	46	40
49	22	81
48	44	26
93	45	-30
55	99	-45
69	32	24
9	52	-3
79	49	-21
78	66	44
67	61	45
98	49	40
37	35	-31
56	3	79
72	64	33
86	70	67
28	92	-4
50	45	32
76	71	-43
15	88	2
57	28	81
78	5	-12
18	93	87
24	19	-5
64	49	-25
42	95	60
84	43	0
98	49	88
17	49	94
87	27	47
63	88	43
72	11	45
94	34	19
23	21	23
62	32	-33
26	49	45
1	27	-42
55	38	11
54	11	-27
15	83	-27
51	78	-4
93	8	-26
28	3	61
33	71	-33
99	94	-4
20	97	60
54	71	-41
97	38	86
59	16	-2
18	74	31
24	99	94
65	69	30
74	12	85
6	43	4
43	27	15
73	82	29
1	27	32
60	46	65
4	37	-32
52	89	-20
18	73	-19
42	36	28
57	3	20
24	43	-36
79	75	-8
42	96	95
87	69	80
6	28	65
39	28	32
45	32	78
82	31	58
59	98	-49
4	44	68
7	39	45
52	25	84
2	19	43
84	65	-39
100	5	-28
76	32	-18
96	27	-10
81	67	-19
20	63	88
42	63	45
86	64	36
55	32	51
60	1	-42
77	69	-24
60	22	-19
6	96	66
64	88	40
91	66	0
48	27	-9
73	37	51
34	98	90
44	25	71
99	45	42
26	35	-44
25	61	-26
34	37	3
91	85	14
74	10	31
97	43	50
39	81	-11
92	69	68
54	5	35
20	34	52
18	63	93
22	66	21
9	35	38
4	21	-12
6	83	79
33	35	61
74	73	65
87	73	-49
81	67	33
17	11	28
11	91	-29
6	27	27
53	1	94
81	95	-49
46	69	30
73	94	-25
84	25	67
87	45	50
67	3	56
77	83	66
34	32	-31
48	82	45
63	45	-32
25	1	-21
10	57	37
78	35	3
2	25	38
90	32	27
18	76	-46
17	32	91
64	34	-39
90	39	-42
13	61	48
46	37	90
100	67	32
18	23	79
54	91	22
20	29	-13
72	24	8
17	88	-6
7	14	24
11	95	-11
20	30	-35
7	16	-45
55	15	25
56	81	30
64	47	84
29	88	-42
46	45	50
13	65	-11
39	22	88
50	20	-18
24	82	-39
23	83	-46
88	37	-14
78	66	33
54	90	13
40	64	-49
68	27	57
81	35	52
13	34	12
12	69	93
36	15	4
13	42	71
24	57	-18
14	67	19
7	92	66
88	80	-26
29	55	99
62	96	64
53	21	-17
52	97	79
17	58	-40
1	38	-48
36	10	16
58	39	58
25	21	-41
54	23	-13
42	61	93
46	3	94
87	36	-5
53	48	-12
77	17	74
69	49	-7
86	69	-4
68	43	5
17	32	-36
86	88	56
59	96	-20
74	93	-30
58	82	53
42	8	81
97	83	-50
70	25	60
54	55	10
52	51	1
33	65	4
50	41	89
18	51	2
56	66	48
62	67	-43
58	94	39
42	47	94
13	12	88
62	40	-11
46	51	26
51	85	53
37	3	0
14	97	55
78	25	-46
14	34	78
44	61	45
68	95	-22
7	36	81
82	75	51
56	21	-43
42	80	67
100	96	31
25	38	36
23	69	76
37	3	42
94	1	13
65	15	27
46	97	81
4	56	25
86	91	-37
41	75	39
71	83	-42
48	76	53
100	85	-48
93	94	-42
77	45	34
73	49	36
62	63	23
90	15	46
89	91	74
76	15	-37
59	56	51
46	66	-14
9	86	-37
57	41	99
52	41	1
14	3	64
89	44	56
50	36	53
34	1	-48
74	20	-40
4	27	14
14	99	15
42	91	88
99	56	-41
71	92	-50
62	64	-2
51	82	10
54	14	-33
59	50	80
46	28	51
52	37	-11
53	63	-13
72	98	-7
59	97	93
87	6	99
54	25	-8
72	89	7
20	99	72
26	38	-47
87	26	44
94	3	50
79	81	-40
46	31	50
35	66	-11
77	65	74
59	91	-16
12	30	11
81	44	37
29	71	-41
2	32	89
16	30	21
88	35	17
46	52	-39
52	55	44
4	14	23
91	8	5
1	43	74
93	50	-16
11	86	1
26	3	20
55	45	19
7	70	72
13	38	-40
52	30	83
50	24	45
51	22	95
99	31	38
99	34	66
65	47	51
52	75	21
61	83	76
29	44	29
53	3	-3
44	43	40
90	65	6
50	55	70
89	28	93
73	32	62
36	49	100
76	63	-42
72	33	-50
53	14	80
6	30	-38
48	85	-35
73	79	36
90	19	86
10	26	34
58	55	55
52	70	-5
84	67	23
58	80	-44
60	11	-10
4	86	-49
73	75	-33
100	32	99
10	64	11
45	38	11
99	85	2
73	8	-27
60	70	12
33	14	59
10	96	-1
55	95	49
61	83	45
36	64	95
52	81	-5
36	69	16
71	92	78
18	57	43
75	85	40
100	62	37
29	95	-44
41	45	-35
18	78	48
72	86	0
31	15	58
63	34	-17
89	43	33
20	64	-25
23	45	-4
26	47	-19
79	49	86
18	29	-14
15	38	38
92	43	-27
97	94	43
57	67	0
4	31	-46
11	1	47
20	92	41
70	69	-21
26	75	66
11	81	59
54	69	37
18	85	0
50	36	50
58	55	46
1	80	65
76	92	1
10	98	-46
73	39	-39
100	3	-18
9	88	-33
39	92	-43
44	92	14
29	80	72
55	70	87
16	84	-6
23	38	42
6	21	88
9	27	-47
93	36	45
9	24	-4
87	59	56
11	91	2
46	75	91
84	34	61
55	26	-21
1	22	-12
65	19	1
54	80	99
13	66	65
65	85	66
33	73	82
52	12	-6
94	98	12
99	83	58
37	69	91
60	3	11
2	94	90
13	10	-33
46	83	-23
91	64	60
56	63	-29
29	34	63
91	84	0
59	49	28
71	85	85
90	42	-41
4	77	-11
91	5	56
11	14	8
51	26	-50
65	8	75
4	3	-1
17	73	17
20	61	41
40	92	0
54	76	2
43	80	73
87	38	-7
37	30	46
87	16	-49
57	34	-32
10	19	74
91	21	-24
29	96	-28
68	80	-30
88	8	-41
33	31	95
20	89	75
76	63	-32
59	45	-47
44	43	-32
73	71	77
7	73	1
26	5	-42
11	76	32
72	88	54
64	41	38
69	35	83
50	89	72
1	61	48
17	32	78
74	83	40
44	25	-4
55	85	-42
88	41	94
48	96	-37
88	22	-20
63	21	-23
62	69	-33
11	56	60
62	75	66
11	1	94
75	66	-8
52	79	-46
13	36	73
72	21	-38
7	21	45
25	98	65
76	95	-24
79	63	-22
68	98	52
97	22	14
58	28	-13
99	23	66
29	65	68
51	26	-15
7	63	-23
11	49	-27
7	38	-50
16	79	6
91	37	98
7	59	-39
54	63	-34
10	43	-23
58	27	42
86	29	14
37	1	-20
66	85	39
31	19	-4
17	46	-15
94	83	43
53	5	89
20	38	10
33	84	-22
7	65	-37
54	76	-32
52	5	-13
77	99	77
88	67	59
33	36	53
82	25	98
46	70	91
13	23	6
58	1	67
77	63	1
63	34	-9
14	85	-24
87	98	87
36	75	52
97	41	99
33	98	29
12	25	25
86	91	39
100	15	-4
55	84	-28
11	26	-33
93	36	17
2	52	9
42	5	14
33	76	-7
97	41	-18
91	95	-15
59	15	37
39	44	-46
68	8	-25
58	71	79
64	3	82
17	91	68
89	25	35
33	71	-10
59	52	-38
17	29	23
15	80	33
91	80	-7
72	34	-16
7	24	-38
42	83	-37
3	38	28
29	26	63
100	22	68
29	69	-32
7	61	73
58	5	-11
93	89	40
4	75	-15
57	27	-19
18	79	-8
39	65	-24
84	67	-34
93	82	44
48	41	-39
6	64	-31
92	27	25
88	3	-16
20	98	0
46	47	64
54	44	86
78	1	43
80	38	2
70	21	60
4	19	14
90	5	-12
71	56	29
42	5	58
14	84	23
72	83	5
15	35	96
47	22	-10
96	15	10
10	43	-48
96	37	-44
51	8	-8
84	49	-4
74	61	22
48	6	56
91	56	49
68	49	60
93	69	16
13	74	76
94	67	-21
53	89	-39
17	47	-7
55	45	61
74	67	92
99	78	38
74	81	79
14	37	-14
69	5	57
46	29	96
23	30	58
87	84	-20
88	27	68
63	61	-40
42	95	-9
13	79	48
87	78	-4
56	38	-6
56	81	78
78	26	97
51	58	81
53	50	-26
77	71	-50
78	47	61
58	98	74
23	92	23
1	85	-1
51	57	54
46	95	40
72	87	70
62	29	14
84	32	11
11	3	91
91	39	74
34	38	76
12	39	51
58	71	62
18	25	41
6	81	-8
71	80	-47
53	15	-13
7	79	73
86	22	-39
6	37	16
6	61	4
15	25	96
55	65	-41
72	68	7
56	26	86
36	14	34
18	14	-2
36	31	82
62	89	97
54	86	7
59	55	99
57	95	-38
81	15	-9
13	19	69
89	55	14
13	19	-47
36	34	-32
93	38	-4
29	65	85
73	12	-37
19	25	41
23	47	-43
90	37	59
62	3	95
14	3	94
77	28	1
31	23	73
6	57	85
93	73	85
36	89	48
17	29	-21
87	34	9
17	92	-12
57	94	-5
20	83	-1
50	81	-45
29	34	-5
53	38	-21
50	39	-13
77	44	27
44	21	97
43	5	92
74	35	86
9	10	-22
44	32	30
15	43	37
54	5	-2
73	45	49
50	66	-8
4	37	4
16	84	80
57	25	58
40	21	17
74	88	-35
57	3	-44
59	62	60
17	44	41
36	44	-7
96	75	-31
44	27	-34
40	78	55
55	5	35
29	56	98
11	20	-1
36	61	-30
16	38	81
15	85	12
74	70	-39
2	47	-20
46	82	-45
70	27	-30
93	58	-40
18	12	95
46	29	2
93	27	-23
91	95	75
29	57	-1
92	22	90
37	47	21
49	75	6
100	32	88
18	54	-3
55	71	75
2	66	57
28	38	-3
87	63	96
100	59	-18
52	3	43
33	67	86
96	41	74
90	67	33
79	84	-43
54	95	32
31	22	51
24	85	33
94	1	45
24	32	79
94	79	-32
97	76	-49
74	65	50
63	78	32
79	26	-6
68	25	84
44	22	17
25	61	10
71	75	9
40	47	1
9	16	-39
48	66	66
73	15	-40
42	39	61
70	67	37
60	71	-24
63	5	-41
93	36	38
89	82	16
2	86	75
33	8	42
17	10	51
37	47	37
46	27	79
53	70	80
70	80	-13
15	66	47
65	92	75
100	21	71
93	38	60
59	58	53
29	92	-3
89	56	97
18	54	-41
12	97	93
44	66	86
60	67	51
70	44	-7
82	47	38
17	69	61
91	64	83
28	45	-42
48	51	55
63	34	-37
2	68	16
79	41	10
2	48	-29
9	15	18
40	34	60
74	14	98
65	88	-1
64	56	64
60	27	91
65	67	95
95	32	-30
93	75	66
6	71	22
54	8	58
6	40	-39
16	14	-10
62	82	69
49	22	77
77	60	50
68	44	32
30	49	40
33	63	12
21	83	40
16	88	62
70	96	20
4	73	48
2	16	89
60	55	-41
5	83	67
89	98	20
45	85	-30
59	14	37
89	79	-31
100	63	78
68	66	-27
2	27	78
9	82	-39
18	98	-36
91	83	64
40	3	71
17	74	22
82	34	-24
25	30	-40
86	3	75
74	90	83
18	17	74
86	22	-12
54	26	10
93	19	-47
24	66	99
23	3	5
54	44	-20
55	95	54
13	39	97
87	99	74
84	27	59
20	15	63
24	38	61
4	56	-24
100	90	72
13	73	-37
86	56	-42
57	85	61
33	6	38
94	27	12
53	22	39
4	24	94
10	71	18
54	29	16
19	61	36
59	64	70
55	99	27
42	29	73
54	30	-41
10	76	27
10	85	-20
54	88	40
23	79	6
14	98	58
14	81	96
31	22	-29
95	92	30
72	22	-16
23	43	-39
82	92	-7
46	78	72
6	30	67
87	33	2
46	81	72
54	94	34
56	30	89
58	79	96
48	71	-49
24	43	33
17	62	72
48	94	34
55	8	-4
88	66	9
36	61	5
37	66	29
6	55	87
73	25	39
61	21	-47
94	83	-48
11	85	72
9	69	25
18	34	47
88	19	86
74	23	87
28	81	96
50	14	-21
44	5	69
39	75	6
98	35	71
29	1	4
4	25	-23
10	28	100
76	27	52
20	70	-20
99	31	100
77	81	58
56	92	58
87	74	85
19	30	44
33	12	-3
90	96	25
70	98	-13
53	38	15
86	37	62
52	26	41
11	40	11
19	30	7
57	56	43
72	42	-7
58	81	86
6	95	39
18	61	60
40	26	12
87	81	-28
6	27	19
20	31	36
73	12	-5
31	49	64
4	54	65
10	8	77
29	8	53
70	80	80
40	19	10
100	26	11
73	84	-34
84	26	5
40	26	-19
72	34	42
84	47	50
82	56	22
51	78	-42
72	33	-3
53	70	55
59	6	-3
77	65	-17
77	53	99
7	87	46
37	38	28
83	85	83
70	3	17
18	5	-18
2	58	-16
19	67	82
66	38	-38
18	72	-36
74	56	41
93	44	61
88	80	-6
41	95	24
10	73	17
59	50	49
13	34	-10
48	26	43
69	38	5
4	51	-5
33	62	22
17	16	98
7	36	-29
29	71	24
32	38	61
44	98	-49
72	21	93
15	49	36
55	76	36
46	37	-18
96	47	-29
86	12	-7
74	79	-14
92	8	-3
41	80	-22
55	66	61
41	43	-28
6	94	38
46	67	91
4	10	66
77	11	28
74	83	97
37	61	-19
7	56	40
51	91	-40
77	71	-13
77	84	35
82	76	-10
62	3	-36
9	98	14
93	22	-43
48	40	70
31	84	95
90	48	-38
14	43	25
52	91	6
4	39	56
51	86	47
88	19	93
53	73	88
100	95	73
42	52	100
51	97	-49
35	45	46
17	63	-37
11	63	12
54	62	73
51	26	84
92	66	81
24	95	25
19	69	41
77	84	-44
74	90	66
17	69	69
55	71	-46
40	22	16
6	38	72
96	67	-23
47	85	16
53	90	54
18	16	-3
71	5	34
86	8	-16
17	58	91
58	61	0
37	45	-38
50	96	-34
44	75	74
53	75	-47
100	12	47
4	89	61
90	35	3
29	94	26
46	85	92
18	23	8
4	72	44
68	61	-8
73	15	79
62	55	-8
89	79	-42
59	82	-38
20	78	73
90	58	47
77	100	-39
96	71	-36
33	15	-46
55	30	-29
3	49	74
55	56	-5
52	78	-4
10	71	81
93	5	-34
82	21	32
36	32	-12
81	35	87
23	80	-31
72	56	77
10	35	48
24	34	-5
34	67	78
33	83	-45
60	21	-33
4	78	-46
59	38	-24
3	35	22
99	47	3
87	20	88
82	26	-4
26	22	12
67	22	87
36	43	61
48	89	93
59	70	-36
12	98	98
51	29	4
46	51	50
77	1	-6
91	80	98
13	50	-32
96	44	4
33	8	-23
60	1	-1
77	78	-1
77	56	96
54	19	14
81	95	-33
2	42	25
19	85	8
7	56	-36
78	19	93
97	85	59
72	54	-26
41	80	21
40	15	54
25	69	84
54	81	11
54	83	45
76	69	-14
7	15	61
16	56	22
60	46	42
19	66	89
54	22	31
9	12	-32
17	70	48
11	91	93
26	75	54
37	32	1
90	92	-33
50	79	53
9	79	-25
99	22	-49
70	34	-22
72	16	34
59	97	-30
72	10	18
28	27	77
51	66	83
91	1	-7
33	71	-4
93	22	-13
60	89	81
81	88	-47
64	88	90
96	63	-25
10	79	51
81	26	-34
100	75	-31
13	15	63
43	69	88
59	65	90
11	44	19
4	100	96
73	5	-35
16	69	-23
2	83	68
24	92	27
33	81	-35
62	49	-20
89	21	58
56	30	-35
77	38	-21
93	10	71
100	39	-38
82	43	93
57	45	-15
58	35	-20
86	70	-3
9	10	40
13	67	-45
53	80	84
46	63	99
7	27	32
71	95	10
17	51	-25
87	89	-50
87	36	74
2	57	-16
2	96	40
48	62	91
52	35	41
11	71	92
93	19	87
71	30	83
6	45	33
23	84	45
57	26	67
73	28	-42
8	3	78
93	20	-2
29	66	58
70	80	-20
82	78	68
29	43	17
87	99	64
63	81	59
53	57	71
42	25	87
17	97	41
86	92	-16
49	75	-7
57	70	88
99	27	61
10	6	21
24	92	55
28	15	-27
91	29	10
2	17	-31
57	66	-44
70	19	5
60	68	47
54	55	-29
87	83	4
39	38	-28
2	91	32
4	51	45
100	30	63
58	75	31
73	64	24
13	38	99
22	85	-20
69	75	77
88	67	80
92	27	3
57	49	-13
63	44	-48
64	22	57
11	24	22
15	26	27
46	84	50
77	32	15
59	82	71
44	80	-21
56	67	-47
87	42	-41
9	26	33
97	95	-3
46	51	-27
40	75	-46
24	21	9
75	21	-30
53	23	-28
62	37	-2
28	35	89
20	65	40
62	75	-50
25	8	6
80	85	63
60	13	-17
51	89	73
87	55	65
23	85	-22
46	36	12
64	38	-16
53	90	94
88	35	44
68	65	67
53	21	-44
23	21	90
100	91	-13
92	22	34
96	71	32
91	80	87
6	55	34
77	21	92
17	38	24
65	45	-15
91	44	35
2	80	-36
41	19	84
10	88	39
68	36	-34
10	98	-38
98	47	83
33	97	-32
41	85	90
24	85	35
58	80	-50
81	78	52
100	27	85
43	69	52
12	80	20
68	56	-16
52	62	45
11	76	-8
5	35	44
6	61	2
34	25	49
88	37	71
100	79	-48
67	47	88
59	91	53
86	47	-32
81	85	15
73	88	-47
74	32	97
81	38	33
70	95	22
46	36	-12
33	40	-43
86	98	74
97	84	88
7	52	43
87	97	-29
69	45	95
93	41	23
12	79	-40
88	32	-44
16	81	21
72	43	52
82	41	56
96	61	4
44	75	8
29	80	98
7	25	40
8	5	-12
10	29	64
95	49	40
84	80	-39
90	82	30
48	24	-39
26	98	53
96	41	80
60	16	100
53	56	-48
73	29	3
91	28	90
39	98	-19
59	86	45
6	5	9
42	81	-13
89	38	38
2	70	68
100	67	77
71	35	11
2	10	54
42	84	-31
81	49	81
28	85	-7
4	11	16
10	37	31
90	14	41
59	63	7
59	27	79
100	61	72
62	49	-10
13	90	44
76	56	67
56	81	85
50	10	72
60	65	-13
76	88	18
46	63	22
34	78	97
56	44	82
52	78	20
89	37	35
6	15	-49
4	93	81
48	80	-49
53	65	77
99	80	-42
42	75	-25
70	35	-43
86	8	87
84	80	-35
4	88	-16
54	22	97
72	10	-37
86	1	-41
24	40	-20
100	62	27
100	24	45
72	39	15
65	49	19
72	82	100
72	97	47
29	22	37
3	83	72
72	34	-40
70	22	52
11	70	84
89	98	-40
34	5	-47
53	44	62
33	30	-23
34	8	68
33	90	99
53	96	-7
16	19	-47
6	95	0
43	83	-32
16	14	-17
52	83	29
100	84	82
15	69	-2
26	75	-31
56	25	-20
82	66	37
70	26	-44
7	61	-26
91	1	-7
62	32	43
51	28	81
76	67	69
20	26	12
52	94	71
77	78	53
48	70	-36
16	19	31
40	79	60
51	63	34
96	88	-47
68	84	6
4	25	96
97	34	65
53	34	98
90	89	93
13	32	41
79	63	-4
21	5	10
19	43	82
10	45	-11
42	47	48
25	80	-44
62	97	11
33	37	1
24	39	26
36	39	-32
8	5	2
74	97	-43
11	46	71
67	75	66
70	31	-31
68	46	62
100	62	72
76	37	38
99	45	-30
31	41	66
68	55	19
39	15	21
50	26	71
42	55	41
15	41	-16
66	32	-46
52	35	51
39	44	94
18	44	-31
16	73	-20
52	79	89
60	63	-44
6	88	8
13	73	14
99	27	66
71	92	67
2	56	-41
94	30	62
40	97	48
4	56	6
94	92	23
39	27	54
13	79	42
76	49	-42
33	56	9
9	82	62
17	38	-5
60	72	63
40	43	62
14	63	-45
100	59	-11
77	96	-24
98	35	12
20	88	98
57	64	29
98	49	-4
41	37	83
50	40	13
29	45	69
2	55	-33
33	50	57
36	81	64
17	70	91
16	78	-2
17	99	18
93	92	4
2	77	99
36	44	76
11	30	28
16	76	-2
74	98	-26
74	8	67
62	98	92
54	96	-39
62	73	77
76	63	72
60	89	17
76	34	70
48	29	49
15	43	59
77	100	71
57	8	69
56	84	-48
18	33	-9
60	48	1
61	35	100
33	84	-32
29	83	63
55	47	93
91	80	6
19	69	-18
54	46	-35
50	44	73
72	82	99
17	47	13
1	75	92
72	16	21
58	5	94
48	14	86
39	84	79
61	35	36
68	14	52
58	38	-50
46	75	38
58	79	-28
63	45	65
68	36	-24
50	71	11
53	82	11
33	99	29
77	67	90
93	20	90
7	23	9
3	85	69
100	61	8
56	19	53
93	37	6
92	75	11
68	57	-40
100	98	61
50	30	67
70	85	71
2	97	78
72	80	82
17	97	4
51	83	74
91	55	-39
42	71	28
63	1	44
96	94	-34
87	31	57
87	58	35
74	39	55
46	6	-19
64	94	-14
87	70	-20
42	75	44
59	58	63
47	32	61
46	50	35
20	25	7
42	15	90
100	99	-49
72	86	50
68	16	-15
90	32	95
82	95	90
72	81	-14
81	25	34
34	78	64
71	61	76
61	22	-7
10	25	-14
26	3	-11
100	86	54
95	61	-28
42	38	-3
17	22	34
54	95	60
33	29	21
53	97	47
59	41	-2
91	26	-8
54	45	9
17	14	-12
4	5	30
76	5	2
87	76	96
100	10	28
9	58	-47
60	9	50
48	51	16
4	19	38
37	32	55
87	64	36
64	35	86
72	12	76
54	50	26
97	61	25
14	40	48
100	52	98
40	83	-1
73	99	-11
68	80	-48
16	5	-27
90	34	27
53	83	-23
60	46	46
54	32	-30
76	23	52
18	65	2
94	69	16
48	98	60
64	67	76
70	61	-3
31	71	33
18	77	51
2	79	55
42	71	47
100	21	14
71	88	98
72	32	24
9	85	-35
57	19	-30
68	11	-18
37	69	68
92	47	88
95	47	-33
4	90	-15
20	62	90
72	35	-32
18	3	51
20	78	98
14	70	-32
2	67	-21
86	22	70
15	85	-19
42	1	33
79	66	12
32	38	0
49	83	97
64	78	-43
2	84	30
6	83	93
76	56	29
64	34	93
14	47	-42
100	78	84
33	92	35
54	83	89
89	28	-1
73	70	93
54	32	13
9	78	-41
79	25	7
11	28	0
54	26	57
2	22	-26
14	64	29
82	71	-9
94	38	-25
84	75	-29
33	84	82
61	98	83
96	26	-9
89	64	31
73	31	89
53	23	11
12	57	-26
9	25	96
53	74	79
33	82	-13
58	28	21
75	32	11
59	20	67
40	31	24
68	32	52
46	16	1
33	38	29
28	79	-17
63	26	80
74	71	97
89	30	-41
41	1	86
12	37	39
17	93	100
54	63	32
34	92	57
46	92	-43
52	79	-43
53	8	64
86	32	48
61	35	93
70	56	-22
54	12	30
100	89	-11
97	23	-33
4	71	47
40	96	-21
18	29	-18
15	95	99
16	37	14
11	34	58
89	6	73
6	8	-22
100	71	44
89	66	95
60	54	1
86	81	-40
43	69	41
40	23	53
18	53	61
64	80	56
7	50	80
76	69	-13
100	24	36
77	46	-33
24	69	35
10	37	39
72	63	98
86	30	-23
4	29	28
42	36	0
20	79	-33
51	96	11
42	98	41
20	14	-37
89	94	54
100	82	90
9	71	-6
74	6	-50
54	29	28
97	80	-39
14	70	-35
8	38	91
23	3	-34
9	95	-15
11	44	28
77	35	84
74	79	-16
10	99	37
22	83	34
87	98	3
42	69	10
37	3	43
77	54	-32
7	21	46
31	63	7
23	56	-1
87	26	86
31	95	78
63	21	37
12	22	-37
56	15	-12
91	69	38
18	73	-29
96	44	34
91	5	19
10	65	82
51	89	67
90	85	-26
46	6	2
18	6	1
28	41	14
84	37	47
100	70	-16
97	26	41
19	43	13
23	35	22
10	26	46
56	35	8
12	1	-24
43	49	86
55	8	100
20	24	72
18	22	6
3	66	-9
62	35	26
36	83	-23
39	47	-13
55	34	48
46	24	-43
24	29	-49
18	52	52
4	63	-15
71	95	37
73	34	56
53	70	31
17	30	-31
96	98	-17
91	32	-41
77	97	90
55	32	-10
46	3	-25
99	69	-14
78	32	18
21	35	-32
96	32	45
98	27	15
73	97	0
12	47	-40
14	55	48
7	37	55
11	32	20
13	64	-38
91	26	98
90	99	-10
77	81	-11
53	71	-3
97	63	62
53	64	94
62	56	74
12	98	14
13	74	39
10	30	-48
54	23	60
24	47	88
36	34	-39
91	26	-32
87	51	74
13	70	62
68	23	49
16	23	14
13	27	37
52	92	58
77	86	53
77	1	-8
70	27	48
58	35	96
14	3	34
87	23	62
52	14	-14
59	58	94
25	3	-18
76	8	-38
4	45	98
7	97	84
86	31	-8
47	85	28
70	43	24
13	25	80
65	45	93
41	75	44
74	48	37
93	32	73
46	51	-40
77	34	-1
36	76	79
41	75	32
33	19	62
91	84	27
55	63	69
65	22	18
87	63	1
11	95	15
100	99	-20
84	3	-43
90	15	-18
2	71	83
53	92	48
11	83	-29
16	12	-48
9	10	5
50	64	-11
54	27	12
53	65	-23
68	99	-16
7	89	67
2	36	-42
10	29	81
11	76	35
39	38	-13
53	97	84
40	71	45
91	98	-30
25	22	-28
10	80	-41
18	67	-28
33	8	80
10	56	55
24	35	30
10	58	88
76	71	-36
76	30	-33
52	32	83
81	83	89
93	84	47
5	85	40
57	96	85
100	57	37
84	49	-1
34	19	20
4	12	17
18	2	11
40	81	-42
68	14	80
64	94	90
52	66	-39
47	75	41
28	31	21
100	71	-49
42	24	26
48	91	14
92	49	52
42	80	73
90	70	-22
7	24	-41
51	20	93
36	25	-38
54	51	0
74	41	50
13	71	70
62	56	21
12	56	-25
87	33	92
17	6	-48
40	66	-2
34	88	54
54	62	4
52	99	-29
4	31	1
67	30	13
60	27	77
2	68	-29
54	62	-27
67	38	57
60	12	38
97	3	44
12	85	76
44	3	-31
16	88	86
87	94	19
72	47	-12
50	40	-10
52	50	-20
30	45	68
10	49	-19
86	73	-13
87	14	-11
42	86	-40
93	32	-1
56	47	62
78	75	-23
46	63	29
18	31	76
29	67	54
87	51	92
50	30	-46
7	40	15
18	89	11
99	19	69
26	49	60
50	6	43
88	37	-32
50	98	90
30	45	7
52	94	5
15	21	22
4	98	-6
93	81	41
52	36	-16
87	17	-20
32	38	27
59	79	52
88	75	86
86	88	-38
77	64	-16
41	35	40
17	80	-16
86	36	-42
8	80	16
78	49	44
39	8	-2
92	32	-48
65	83	-1
56	38	64
36	66	38
17	22	34
58	70	91
87	13	-48
77	19	-32
16	48	72
71	23	13
74	49	-7
33	75	84
74	47	63
72	88	40
1	3	23
78	32	58
40	65	-34
17	76	44
74	91	85
84	49	-11
53	19	-30
48	56	89
16	24	89
50	24	98
99	75	24
7	69	17
51	79	-11
89	91	50
59	47	92
52	79	29
40	38	-12
60	83	-34
81	22	-36
53	35	5
55	96	-22
9	44	36
58	67	46
2	60	11
98	30	10
88	69	-44
68	25	-35
18	74	14
2	25	59
39	78	95
49	75	69
54	92	90
54	26	-27
57	69	6
44	98	10
96	35	-38
7	18	30
18	99	31
74	30	96
46	26	-26
50	78	41
72	51	91
51	24	-5
86	70	56
60	75	100
8	69	-7
71	61	-16
54	11	42
73	55	-16
19	35	33
41	38	75
2	100	48
94	92	58
53	67	44
16	99	-13
58	55	31
20	97	21
59	14	-3
91	70	-43
16	19	-18
77	90	-34
7	26	83
57	45	93
46	19	35
9	27	88
82	79	-10
4	89	-6
81	30	-5
29	92	36
20	38	-11
62	64	92
46	43	-47
73	71	50
42	19	68
33	38	-42
81	3	22
51	27	-40
60	100	79
25	98	77
13	67	41
36	55	86
95	27	18
72	14	39
37	45	-2
77	22	-27
26	67	68
72	79	-30
11	82	10
44	37	96
17	46	53
10	71	21
71	47	23
99	21	-1
9	83	55
8	85	55
12	32	44
46	23	1
40	81	30
71	19	63
64	31	1
26	45	41
94	75	28
21	27	24
12	40	-15
17	91	-8
72	23	64
13	66	-11
54	14	10
71	21	84
53	5	77
42	44	-4
42	25	16
97	83	-20
20	95	26
11	70	-48
48	93	52
5	85	37
20	40	32
23	80	54
76	83	84
81	15	27
64	3	32
37	98	73
17	75	-7
48	76	-50
29	5	-43
11	84	-23
61	5	-42
7	65	47
68	5	89
36	85	32
96	99	-24
70	38	54
93	44	13
48	50	60
96	25	89
54	10	-44
20	12	5
60	69	49
96	84	92
59	48	27
64	25	-24
50	36	5
7	21	35
99	84	1
94	66	-27
51	89	86
53	56	38
77	55	7
24	65	36
76	32	8
74	21	16
61	80	-2
60	100	72
46	51	30
34	8	82
49	45	82
41	32	13
72	58	22
17	43	93
71	67	5
77	61	-20
74	1	13
60	55	16
89	44	97
77	6	94
52	84	57
4	34	35
12	95	55
9	16	2
46	78	49
54	61	82
48	75	57
100	17	100
56	66	-25
53	37	-40
70	63	-14
96	84	62
14	1	84
58	27	31
60	57	19
48	93	68
46	95	95
40	98	50
59	28	100
58	82	1
17	6	37
60	48	-46
29	21	95
73	41	-45
39	81	52
48	95	65
40	5	88
90	36	11
79	98	7
26	66	-2
48	36	-41
17	40	30
90	45	75
52	38	-18
60	70	2
73	67	41
18	31	8
82	34	-43
7	5	89
53	81	-14
29	82	-41
21	35	38
99	45	10
31	79	-50
89	39	20
28	26	21
88	83	22
34	26	2
4	36	-18
76	41	63
39	63	36
87	80	-5
64	32	7
52	81	78
99	79	-30
59	78	60
79	67	77
82	65	57
60	92	46
78	67	-25
54	92	29
61	47	6
71	47	-36
99	85	1
60	45	90
36	98	73
20	1	90
91	47	13
17	75	27
10	57	-40
4	81	-5
6	15	63
12	96	33
15	83	-31
81	32	49
72	51	65
23	92	76
6	44	65
77	37	37
39	8	36
94	98	-16
73	56	69
42	22	67
68	26	-45
2	29	86
12	97	25
72	56	-17
19	69	-46
68	3	-44
26	32	49
59	94	45
54	83	55
72	19	70
4	100	-36
52	57	41
90	71	28
93	92	-24
2	48	-9
25	35	-8
19	49	70
100	51	-37
44	47	33
89	64	9
74	99	17
39	45	-8
16	35	84
91	29	-38
74	90	42
37	83	27
79	92	77
42	65	-20
86	69	-38
50	56	47
14	80	6
13	23	39
11	12	7
54	99	48
62	61	13
19	3	39
44	80	86
52	1	60
86	43	-45
13	89	94
14	83	3
24	29	15
16	83	37
46	55	49
54	36	71
72	34	-8
4	40	-9
84	66	-35
60	30	63
10	96	44
87	20	25
36	28	0
91	39	41
67	43	100
42	50	-44
59	63	13
54	50	-48
